{
 "cells": [
  {
   "cell_type": "code",
   "execution_count": 1,
   "metadata": {},
   "outputs": [],
   "source": [
    "import torch\n",
    "import scene\n",
    "from scene import Scene\n",
    "import os\n",
    "from tqdm import tqdm\n",
    "from os import makedirs\n",
    "from gaussian_renderer import render\n",
    "import torchvision\n",
    "from utils.general_utils import safe_state\n",
    "from argparse import ArgumentParser\n",
    "from arguments import ModelParams, PipelineParams, get_combined_args\n",
    "from gaussian_renderer import GaussianModel"
   ]
  },
  {
   "cell_type": "code",
   "execution_count": 2,
   "metadata": {},
   "outputs": [],
   "source": [
    "# import the read_extrinsics_binary, read_intrinsics_binary, readColmapCameras\n",
    "\n",
    "from scene.colmap_loader import * \n",
    "from scene.dataset_readers import *  \n",
    "import numpy as np\n",
    "import matplotlib.pyplot as plt \n",
    "import seaborn as sns \n",
    "import pandas as pd \n",
    "\n",
    "\n"
   ]
  },
  {
   "cell_type": "code",
   "execution_count": 3,
   "metadata": {},
   "outputs": [],
   "source": [
    "cam_extrinsics = read_extrinsics_binary('./data/custom/work/sparse/0/images.bin')\n",
    "cam_intrinsics = read_intrinsics_binary('./data/custom/work/sparse/0/cameras.bin')\n"
   ]
  },
  {
   "cell_type": "code",
   "execution_count": 4,
   "metadata": {},
   "outputs": [
    {
     "name": "stdout",
     "output_type": "stream",
     "text": [
      "{1: Camera(id=1, model='PINHOLE', width=1263, height=710, params=array([1114.10531051, 1108.82028345,  631.5       ,  355.        ]))}\n"
     ]
    }
   ],
   "source": [
    "print(cam_intrinsics)"
   ]
  },
  {
   "cell_type": "markdown",
   "metadata": {},
   "source": []
  },
  {
   "cell_type": "code",
   "execution_count": 5,
   "metadata": {},
   "outputs": [
    {
     "name": "stdout",
     "output_type": "stream",
     "text": [
      "Reading camera 258/258\n"
     ]
    }
   ],
   "source": [
    "scene_info = readColmapSceneInfo('./data/custom/work', images=None, eval=True, llffhold=8)\n"
   ]
  },
  {
   "cell_type": "code",
   "execution_count": 6,
   "metadata": {},
   "outputs": [
    {
     "data": {
      "text/plain": [
       "SceneInfo(point_cloud=BasicPointCloud(points=array([[ 8.629861 ,  0.7836478, -4.147699 ],\n",
       "       [ 7.6343307,  1.137932 , -4.83588  ],\n",
       "       [23.577301 , -1.538512 , -8.354913 ],\n",
       "       ...,\n",
       "       [-1.3274001, -7.573485 , 13.970032 ],\n",
       "       [-2.2521873, -7.4987183, 14.744595 ],\n",
       "       [-3.3423238, -7.8006716, 15.755141 ]], dtype=float32), colors=array([[0.37254902, 0.56862745, 0.06666667],\n",
       "       [0.56862745, 0.79215686, 0.29803922],\n",
       "       [0.72941176, 0.59607843, 0.56078431],\n",
       "       ...,\n",
       "       [0.66666667, 0.63921569, 0.68627451],\n",
       "       [0.37254902, 0.3254902 , 0.38823529],\n",
       "       [0.52156863, 0.48627451, 0.54509804]]), normals=array([[0., 0., 0.],\n",
       "       [0., 0., 0.],\n",
       "       [0., 0., 0.],\n",
       "       ...,\n",
       "       [0., 0., 0.],\n",
       "       [0., 0., 0.],\n",
       "       [0., 0., 0.]], dtype=float32)), train_cameras=[CameraInfo(uid=1, R=array([[-0.92091918,  0.15787924, -0.35634534],\n",
       "       [-0.04122794,  0.86969411,  0.49186625],\n",
       "       [ 0.38756692,  0.46766045, -0.79440895]]), T=array([ 0.78946567, -0.3083951 ,  4.7279736 ]), FovY=0.6196963117792306, FovX=1.031333969603764, image=<PIL.PngImagePlugin.PngImageFile image mode=RGB size=1263x710 at 0x7B21DF529B10>, image_path='./data/custom/work/images/frame_00001.png', image_name='frame_00001', width=1263, height=710), CameraInfo(uid=1, R=array([[-0.92324305,  0.1580257 , -0.35021443],\n",
       "       [-0.0380036 ,  0.86947392,  0.49251479],\n",
       "       [ 0.38233231,  0.46802027, -0.79673021]]), T=array([ 0.82390047, -0.31107258,  4.72288474]), FovY=0.6196963117792306, FovX=1.031333969603764, image=<PIL.PngImagePlugin.PngImageFile image mode=RGB size=1263x710 at 0x7B21DF87A250>, image_path='./data/custom/work/images/frame_00002.png', image_name='frame_00002', width=1263, height=710), CameraInfo(uid=1, R=array([[-0.92605163,  0.15860768, -0.34244996],\n",
       "       [-0.0334939 ,  0.86927904,  0.49318567],\n",
       "       [ 0.37590761,  0.46818538, -0.79968489]]), T=array([ 0.86445498, -0.31607764,  4.71742052]), FovY=0.6196963117792306, FovX=1.031333969603764, image=<PIL.PngImagePlugin.PngImageFile image mode=RGB size=1263x710 at 0x7B21DF87A3D0>, image_path='./data/custom/work/images/frame_00003.png', image_name='frame_00003', width=1263, height=710), CameraInfo(uid=1, R=array([[-0.92948642,  0.15894188, -0.33285503],\n",
       "       [-0.02811919,  0.8692385 ,  0.49359269],\n",
       "       [ 0.36778295,  0.46814732, -0.80347607]]), T=array([ 0.89875654, -0.32204358,  4.71518116]), FovY=0.6196963117792306, FovX=1.031333969603764, image=<PIL.PngImagePlugin.PngImageFile image mode=RGB size=1263x710 at 0x7B21DF87A350>, image_path='./data/custom/work/images/frame_00004.png', image_name='frame_00004', width=1263, height=710), CameraInfo(uid=1, R=array([[-0.93363807,  0.15904177, -0.32097612],\n",
       "       [-0.02156778,  0.86945327,  0.49354416],\n",
       "       [ 0.35756788,  0.46771436, -0.8083245 ]]), T=array([ 0.91130846, -0.32800219,  4.70684959]), FovY=0.6196963117792306, FovX=1.031333969603764, image=<PIL.PngImagePlugin.PngImageFile image mode=RGB size=1263x710 at 0x7B21DF87A610>, image_path='./data/custom/work/images/frame_00005.png', image_name='frame_00005', width=1263, height=710), CameraInfo(uid=1, R=array([[-0.93814093,  0.15942951, -0.30736593],\n",
       "       [-0.01358346,  0.8700611 ,  0.4927567 ],\n",
       "       [ 0.3459871 ,  0.46645032, -0.81407433]]), T=array([ 0.88735754, -0.33202221,  4.70142603]), FovY=0.6196963117792306, FovX=1.031333969603764, image=<PIL.PngImagePlugin.PngImageFile image mode=RGB size=1263x710 at 0x7B21DF87A510>, image_path='./data/custom/work/images/frame_00006.png', image_name='frame_00006', width=1263, height=710), CameraInfo(uid=1, R=array([[-0.943073  ,  0.16027706, -0.29141821],\n",
       "       [-0.00363564,  0.87119921,  0.4909162 ],\n",
       "       [ 0.33256592,  0.46402931, -0.82102175]]), T=array([ 0.84836684, -0.33359965,  4.69096145]), FovY=0.6196963117792306, FovX=1.031333969603764, image=<PIL.PngImagePlugin.PngImageFile image mode=RGB size=1263x710 at 0x7B21DF87A810>, image_path='./data/custom/work/images/frame_00007.png', image_name='frame_00007', width=1263, height=710), CameraInfo(uid=1, R=array([[-0.94763467,  0.16127162, -0.27564469],\n",
       "       [ 0.00644743,  0.87261089,  0.4883735 ],\n",
       "       [ 0.31929134,  0.46102246, -0.82795612]]), T=array([ 0.81990649, -0.32964032,  4.6657051 ]), FovY=0.6196963117792306, FovX=1.031333969603764, image=<PIL.PngImagePlugin.PngImageFile image mode=RGB size=1263x710 at 0x7B21DF87A710>, image_path='./data/custom/work/images/frame_00008.png', image_name='frame_00008', width=1263, height=710), CameraInfo(uid=1, R=array([[-0.95236142,  0.16214005, -0.2582989 ],\n",
       "       [ 0.01738934,  0.874453  ,  0.48479847],\n",
       "       [ 0.3044755 ,  0.45721171, -0.83561482]]), T=array([ 0.81570723, -0.31341057,  4.64206132]), FovY=0.6196963117792306, FovX=1.031333969603764, image=<PIL.PngImagePlugin.PngImageFile image mode=RGB size=1263x710 at 0x7B21DF87A910>, image_path='./data/custom/work/images/frame_00009.png', image_name='frame_00009', width=1263, height=710), CameraInfo(uid=1, R=array([[-0.9570184 ,  0.16240468, -0.24029252],\n",
       "       [ 0.02829157,  0.87684137,  0.47994666],\n",
       "       [ 0.28864401,  0.45251954, -0.84374801]]), T=array([ 0.82077417, -0.29770727,  4.61581725]), FovY=0.6196963117792306, FovX=1.031333969603764, image=<PIL.PngImagePlugin.PngImageFile image mode=RGB size=1263x710 at 0x7B21DF87AA10>, image_path='./data/custom/work/images/frame_00010.png', image_name='frame_00010', width=1263, height=710), CameraInfo(uid=1, R=array([[-0.96163856,  0.16226389, -0.22118254],\n",
       "       [ 0.03931061,  0.87948657,  0.47429743],\n",
       "       [ 0.27148841,  0.44740788, -0.85212689]]), T=array([ 0.83357119, -0.27853224,  4.57460889]), FovY=0.6196963117792306, FovX=1.031333969603764, image=<PIL.PngImagePlugin.PngImageFile image mode=RGB size=1263x710 at 0x7B21DF87AB10>, image_path='./data/custom/work/images/frame_00011.png', image_name='frame_00011', width=1263, height=710), CameraInfo(uid=1, R=array([[-0.9663831 ,  0.16086018, -0.20056848],\n",
       "       [ 0.04999382,  0.88277699,  0.46712462],\n",
       "       [ 0.25219899,  0.44139415, -0.86114277]]), T=array([ 0.8432212 , -0.25496099,  4.53177968]), FovY=0.6196963117792306, FovX=1.031333969603764, image=<PIL.PngImagePlugin.PngImageFile image mode=RGB size=1263x710 at 0x7B21DF87AC10>, image_path='./data/custom/work/images/frame_00012.png', image_name='frame_00012', width=1263, height=710), CameraInfo(uid=1, R=array([[-0.97077979,  0.15846313, -0.18021107],\n",
       "       [ 0.05899063,  0.88550671,  0.46086654],\n",
       "       [ 0.23260847,  0.43676916, -0.86897986]]), T=array([ 0.84491315, -0.22785771,  4.50744058]), FovY=0.6196963117792306, FovX=1.031333969603764, image=<PIL.PngImagePlugin.PngImageFile image mode=RGB size=1263x710 at 0x7B21DF87AD10>, image_path='./data/custom/work/images/frame_00013.png', image_name='frame_00013', width=1263, height=710), CameraInfo(uid=1, R=array([[-0.97502213,  0.1551018 , -0.15898203],\n",
       "       [ 0.06717014,  0.88818187,  0.45455599],\n",
       "       [ 0.21170741,  0.4325233 , -0.87641518]]), T=array([ 0.84622161, -0.19871797,  4.49036959]), FovY=0.6196963117792306, FovX=1.031333969603764, image=<PIL.PngImagePlugin.PngImageFile image mode=RGB size=1263x710 at 0x7B21DF529CD0>, image_path='./data/custom/work/images/frame_00014.png', image_name='frame_00014', width=1263, height=710), CameraInfo(uid=1, R=array([[-0.97894375,  0.15152901, -0.13677753],\n",
       "       [ 0.07515147,  0.89052168,  0.44869075],\n",
       "       [ 0.18979302,  0.42896398, -0.88315826]]), T=array([ 0.8276203, -0.1831002,  4.4731035]), FovY=0.6196963117792306, FovX=1.031333969603764, image=<PIL.PngImagePlugin.PngImageFile image mode=RGB size=1263x710 at 0x7B21DF529FD0>, image_path='./data/custom/work/images/frame_00015.png', image_name='frame_00015', width=1263, height=710), CameraInfo(uid=1, R=array([[-0.98231004,  0.14767806, -0.11514411],\n",
       "       [ 0.08207865,  0.89221603,  0.44408744],\n",
       "       [ 0.16831539,  0.42678068, -0.88855398]]), T=array([ 0.7788589 , -0.17182877,  4.46602159]), FovY=0.6196963117792306, FovX=1.031333969603764, image=<PIL.PngImagePlugin.PngImageFile image mode=RGB size=1263x710 at 0x7B21DF87A110>, image_path='./data/custom/work/images/frame_00016.png', image_name='frame_00016', width=1263, height=710), CameraInfo(uid=1, R=array([[-0.98537829,  0.14265131, -0.09316775],\n",
       "       [ 0.08773733,  0.89358264,  0.4402411 ],\n",
       "       [ 0.14605405,  0.42562974, -0.89303278]]), T=array([ 0.74198566, -0.15403116,  4.45369705]), FovY=0.6196963117792306, FovX=1.031333969603764, image=<PIL.PngImagePlugin.PngImageFile image mode=RGB size=1263x710 at 0x7B21DF529DD0>, image_path='./data/custom/work/images/frame_00017.png', image_name='frame_00017', width=1263, height=710), CameraInfo(uid=1, R=array([[-0.98813226,  0.1367146 , -0.07002686],\n",
       "       [ 0.09276355,  0.89448879,  0.43736109],\n",
       "       [ 0.12243189,  0.42567466, -0.89655536]]), T=array([ 0.72203504, -0.14832227,  4.40398175]), FovY=0.6196963117792306, FovX=1.031333969603764, image=<PIL.PngImagePlugin.PngImageFile image mode=RGB size=1263x710 at 0x7B21DF529BD0>, image_path='./data/custom/work/images/frame_00018.png', image_name='frame_00018', width=1263, height=710), CameraInfo(uid=1, R=array([[-0.99019802,  0.13194258, -0.04581515],\n",
       "       [ 0.09907712,  0.89475002,  0.43543786],\n",
       "       [ 0.0984459 ,  0.42663047, -0.89905219]]), T=array([ 0.70186105, -0.16113889,  4.3404245 ]), FovY=0.6196963117792306, FovX=1.031333969603764, image=<PIL.PngImagePlugin.PngImageFile image mode=RGB size=1263x710 at 0x7B21DF529A90>, image_path='./data/custom/work/images/frame_00019.png', image_name='frame_00019', width=1263, height=710), CameraInfo(uid=1, R=array([[-0.99150667,  0.12825763, -0.02155225],\n",
       "       [ 0.10628358,  0.89457821,  0.43408942],\n",
       "       [ 0.07495546,  0.42811191, -0.90061194]]), T=array([ 0.67451217, -0.17504385,  4.27510457]), FovY=0.6196963117792306, FovX=1.031333969603764, image=<PIL.PngImagePlugin.PngImageFile image mode=RGB size=1263x710 at 0x7B21DF5299D0>, image_path='./data/custom/work/images/frame_00020.png', image_name='frame_00020', width=1263, height=710), CameraInfo(uid=1, R=array([[-0.99221448,  0.12448054,  0.00387634],\n",
       "       [ 0.1138689 ,  0.8941453 ,  0.43305665],\n",
       "       [ 0.05044111,  0.43012648, -0.90135837]]), T=array([ 0.6483453 , -0.18237013,  4.22495003]), FovY=0.6196963117792306, FovX=1.031333969603764, image=<PIL.PngImagePlugin.PngImageFile image mode=RGB size=1263x710 at 0x7B21DF529910>, image_path='./data/custom/work/images/frame_00021.png', image_name='frame_00021', width=1263, height=710), CameraInfo(uid=1, R=array([[-0.99223224,  0.1207922 ,  0.02973943],\n",
       "       [ 0.12173259,  0.89357311,  0.43209752],\n",
       "       [ 0.02561966,  0.43236135, -0.9013364 ]]), T=array([ 0.62499276, -0.19413307,  4.1837522 ]), FovY=0.6196963117792306, FovX=1.031333969603764, image=<PIL.PngImagePlugin.PngImageFile image mode=RGB size=1263x710 at 0x7B21DF5297D0>, image_path='./data/custom/work/images/frame_00022.png', image_name='frame_00022', width=1263, height=710), CameraInfo(uid=1, R=array([[-9.91338269e-01,  1.18148016e-01,  5.73540062e-02],\n",
       "       [ 1.31333064e-01,  8.92639316e-01,  4.31215351e-01],\n",
       "       [-2.49202717e-04,  4.35012757e-01, -9.00424255e-01]]), T=array([ 0.58316779, -0.21910318,  4.14448056]), FovY=0.6196963117792306, FovX=1.031333969603764, image=<PIL.PngImagePlugin.PngImageFile image mode=RGB size=1263x710 at 0x7B21DF5296D0>, image_path='./data/custom/work/images/frame_00023.png', image_name='frame_00023', width=1263, height=710), CameraInfo(uid=1, R=array([[-0.98972524,  0.11592782,  0.083694  ],\n",
       "       [ 0.14083699,  0.8914314 ,  0.43071452],\n",
       "       [-0.02467567,  0.43807624, -0.89859909]]), T=array([ 0.52302822, -0.22559041,  4.13192275]), FovY=0.6196963117792306, FovX=1.031333969603764, image=<PIL.PngImagePlugin.PngImageFile image mode=RGB size=1263x710 at 0x7B21DF529450>, image_path='./data/custom/work/images/frame_00024.png', image_name='frame_00024', width=1263, height=710), CameraInfo(uid=1, R=array([[-0.98744542,  0.11321054,  0.11015859],\n",
       "       [ 0.15005177,  0.89017151,  0.43020827],\n",
       "       [-0.04935593,  0.44133667, -0.89598322]]), T=array([ 0.48935846, -0.2328189 ,  4.11463899]), FovY=0.6196963117792306, FovX=1.031333969603764, image=<PIL.PngImagePlugin.PngImageFile image mode=RGB size=1263x710 at 0x7B21DF529490>, image_path='./data/custom/work/images/frame_00025.png', image_name='frame_00025', width=1263, height=710), CameraInfo(uid=1, R=array([[-0.98441286,  0.10924345,  0.1378303 ],\n",
       "       [ 0.15877857,  0.88906572,  0.42936175],\n",
       "       [-0.07563524,  0.44455373, -0.89255324]]), T=array([ 0.4848978 , -0.24688664,  4.07453891]), FovY=0.6196963117792306, FovX=1.031333969603764, image=<PIL.PngImagePlugin.PngImageFile image mode=RGB size=1263x710 at 0x7B21DF529310>, image_path='./data/custom/work/images/frame_00026.png', image_name='frame_00026', width=1263, height=710), CameraInfo(uid=1, R=array([[-0.98033594,  0.10533681,  0.16686999],\n",
       "       [ 0.16833214,  0.88768821,  0.42857197],\n",
       "       [-0.10298412,  0.44823409, -0.88796423]]), T=array([ 0.48721564, -0.27155505,  4.0229779 ]), FovY=0.6196963117792306, FovX=1.031333969603764, image=<PIL.PngImagePlugin.PngImageFile image mode=RGB size=1263x710 at 0x7B21DF5293D0>, image_path='./data/custom/work/images/frame_00027.png', image_name='frame_00027', width=1263, height=710), CameraInfo(uid=1, R=array([[-0.97537482,  0.10106114,  0.19603728],\n",
       "       [ 0.17786896,  0.88599027,  0.42823343],\n",
       "       [-0.13040936,  0.45255705, -0.88214824]]), T=array([ 0.48876256, -0.29254597,  3.983957  ]), FovY=0.6196963117792306, FovX=1.031333969603764, image=<PIL.PngImagePlugin.PngImageFile image mode=RGB size=1263x710 at 0x7B21DF529190>, image_path='./data/custom/work/images/frame_00028.png', image_name='frame_00028', width=1263, height=710), CameraInfo(uid=1, R=array([[-0.96942574,  0.09535821,  0.22609854],\n",
       "       [ 0.18667098,  0.88464227,  0.42727275],\n",
       "       [-0.15927236,  0.45641524, -0.8753956 ]]), T=array([ 0.50237512, -0.30677088,  3.96687915]), FovY=0.6196963117792306, FovX=1.031333969603764, image=<PIL.PngImagePlugin.PngImageFile image mode=RGB size=1263x710 at 0x7B21DF529050>, image_path='./data/custom/work/images/frame_00029.png', image_name='frame_00029', width=1263, height=710), CameraInfo(uid=1, R=array([[-0.96246219,  0.08915661,  0.25635451],\n",
       "       [ 0.19532132,  0.88333663,  0.4261056 ],\n",
       "       [-0.1884572 ,  0.46018203, -0.86759229]]), T=array([ 0.51093337, -0.3274163 ,  3.94515871]), FovY=0.6196963117792306, FovX=1.031333969603764, image=<PIL.PngImagePlugin.PngImageFile image mode=RGB size=1263x710 at 0x7B21DF87AC50>, image_path='./data/custom/work/images/frame_00030.png', image_name='frame_00030', width=1263, height=710), CameraInfo(uid=1, R=array([[-0.95375279,  0.08302644,  0.28889831],\n",
       "       [ 0.20516883,  0.88221609,  0.42379303],\n",
       "       [-0.21968471,  0.46346671, -0.85845049]]), T=array([ 0.5036881 , -0.35661703,  3.923207  ]), FovY=0.6196963117792306, FovX=1.031333969603764, image=<PIL.PngImagePlugin.PngImageFile image mode=RGB size=1263x710 at 0x7B21DF87AE10>, image_path='./data/custom/work/images/frame_00031.png', image_name='frame_00031', width=1263, height=710), CameraInfo(uid=1, R=array([[-0.94526541,  0.07705897,  0.31707289],\n",
       "       [ 0.21327718,  0.88132606,  0.42163637],\n",
       "       [-0.24695374,  0.46618269, -0.84952196]]), T=array([ 0.45886245, -0.38078871,  3.93704479]), FovY=0.6196963117792306, FovX=1.031333969603764, image=<PIL.PngImagePlugin.PngImageFile image mode=RGB size=1263x710 at 0x7B21DF87AF10>, image_path='./data/custom/work/images/frame_00032.png', image_name='frame_00032', width=1263, height=710), CameraInfo(uid=1, R=array([[-0.93615888,  0.07113974,  0.34430464],\n",
       "       [ 0.22105501,  0.88062282,  0.41909204],\n",
       "       [-0.27338842,  0.468447  , -0.84012867]]), T=array([ 0.42482841, -0.40165544,  3.93831037]), FovY=0.6196963117792306, FovX=1.031333969603764, image=<PIL.PngImagePlugin.PngImageFile image mode=RGB size=1263x710 at 0x7B21DF8740D0>, image_path='./data/custom/work/images/frame_00033.png', image_name='frame_00033', width=1263, height=710), CameraInfo(uid=1, R=array([[-0.92598313,  0.06531085,  0.37187327],\n",
       "       [ 0.2290173 ,  0.8802067 ,  0.41567685],\n",
       "       [-0.30017714,  0.47007516, -0.83001387]]), T=array([ 0.4146398 , -0.41900676,  3.91309663]), FovY=0.6196963117792306, FovX=1.031333969603764, image=<PIL.PngImagePlugin.PngImageFile image mode=RGB size=1263x710 at 0x7B21DF874390>, image_path='./data/custom/work/images/frame_00034.png', image_name='frame_00034', width=1263, height=710), CameraInfo(uid=1, R=array([[-0.91492602,  0.05980972,  0.39916561],\n",
       "       [ 0.23716   ,  0.8798947 ,  0.4117529 ],\n",
       "       [-0.32659688,  0.47138955, -0.81922303]]), T=array([ 0.41445895, -0.43263572,  3.87317318]), FovY=0.6196963117792306, FovX=1.031333969603764, image=<PIL.PngImagePlugin.PngImageFile image mode=RGB size=1263x710 at 0x7B21DF874190>, image_path='./data/custom/work/images/frame_00035.png', image_name='frame_00035', width=1263, height=710), CameraInfo(uid=1, R=array([[-0.90352109,  0.05520896,  0.42497248],\n",
       "       [ 0.24532373,  0.87973477,  0.40728736],\n",
       "       [-0.35137716,  0.47224856, -0.80840299]]), T=array([ 0.40767039, -0.43513901,  3.83764563]), FovY=0.6196963117792306, FovX=1.031333969603764, image=<PIL.PngImagePlugin.PngImageFile image mode=RGB size=1263x710 at 0x7B21DF874690>, image_path='./data/custom/work/images/frame_00036.png', image_name='frame_00036', width=1263, height=710), CameraInfo(uid=1, R=array([[-0.89074823,  0.05158062,  0.45156066],\n",
       "       [ 0.25451335,  0.87975688,  0.40156045],\n",
       "       [-0.37655086,  0.47261748, -0.79676984]]), T=array([ 0.40049248, -0.44639104,  3.81709251]), FovY=0.6196963117792306, FovX=1.031333969603764, image=<PIL.PngImagePlugin.PngImageFile image mode=RGB size=1263x710 at 0x7B21DF874610>, image_path='./data/custom/work/images/frame_00037.png', image_name='frame_00037', width=1263, height=710), CameraInfo(uid=1, R=array([[-0.87645227,  0.04810523,  0.47907964],\n",
       "       [ 0.26413061,  0.87995679,  0.39485576],\n",
       "       [-0.40257476,  0.47261182, -0.78394619]]), T=array([ 0.37940285, -0.463359  ,  3.80827055]), FovY=0.6196963117792306, FovX=1.031333969603764, image=<PIL.PngImagePlugin.PngImageFile image mode=RGB size=1263x710 at 0x7B21DF874550>, image_path='./data/custom/work/images/frame_00038.png', image_name='frame_00038', width=1263, height=710), CameraInfo(uid=1, R=array([[-0.86144577,  0.04542237,  0.5058142 ],\n",
       "       [ 0.27389681,  0.88027582,  0.38742098],\n",
       "       [-0.42765843,  0.47228306, -0.77075092]]), T=array([ 0.3425132 , -0.4815387 ,  3.81866769]), FovY=0.6196963117792306, FovX=1.031333969603764, image=<PIL.PngImagePlugin.PngImageFile image mode=RGB size=1263x710 at 0x7B21DF8746D0>, image_path='./data/custom/work/images/frame_00039.png', image_name='frame_00039', width=1263, height=710), CameraInfo(uid=1, R=array([[-0.84419308,  0.0430846 ,  0.53430494],\n",
       "       [ 0.28485932,  0.88042882,  0.37907818],\n",
       "       [-0.45408503,  0.47221692, -0.75552496]]), T=array([ 0.33143297, -0.48893638,  3.81771558]), FovY=0.6196963117792306, FovX=1.031333969603764, image=<PIL.PngImagePlugin.PngImageFile image mode=RGB size=1263x710 at 0x7B21DF874850>, image_path='./data/custom/work/images/frame_00040.png', image_name='frame_00040', width=1263, height=710), CameraInfo(uid=1, R=array([[-0.82587396,  0.04125708,  0.56234336],\n",
       "       [ 0.29539694,  0.88116175,  0.369181  ],\n",
       "       [-0.48028413,  0.47101148, -0.73991576]]), T=array([ 0.32862453, -0.49113145,  3.79006896]), FovY=0.6196963117792306, FovX=1.031333969603764, image=<PIL.PngImagePlugin.PngImageFile image mode=RGB size=1263x710 at 0x7B21DF874950>, image_path='./data/custom/work/images/frame_00041.png', image_name='frame_00041', width=1263, height=710), CameraInfo(uid=1, R=array([[-0.80561298,  0.03943615,  0.59112817],\n",
       "       [ 0.30597751,  0.88210326,  0.35815024],\n",
       "       [-0.50731202,  0.46940241, -0.72270042]]), T=array([ 0.33331185, -0.49405362,  3.74307545]), FovY=0.6196963117792306, FovX=1.031333969603764, image=<PIL.PngImagePlugin.PngImageFile image mode=RGB size=1263x710 at 0x7B21DF874A50>, image_path='./data/custom/work/images/frame_00042.png', image_name='frame_00042', width=1263, height=710), CameraInfo(uid=1, R=array([[-0.78228741,  0.03754179,  0.62178535],\n",
       "       [ 0.31694414,  0.88330492,  0.34542557],\n",
       "       [-0.53625816,  0.4672933 , -0.70289697]]), T=array([ 0.36039209, -0.48165933,  3.70302156]), FovY=0.6196963117792306, FovX=1.031333969603764, image=<PIL.PngImagePlugin.PngImageFile image mode=RGB size=1263x710 at 0x7B21DF874D50>, image_path='./data/custom/work/images/frame_00043.png', image_name='frame_00043', width=1263, height=710), CameraInfo(uid=1, R=array([[-0.7549197 ,  0.03632423,  0.65481051],\n",
       "       [ 0.3291554 ,  0.88458342,  0.33040716],\n",
       "       [-0.56723273,  0.46496529, -0.67974577]]), T=array([ 0.40369463, -0.47282894,  3.67949273]), FovY=0.6196963117792306, FovX=1.031333969603764, image=<PIL.PngImagePlugin.PngImageFile image mode=RGB size=1263x710 at 0x7B21DF874B50>, image_path='./data/custom/work/images/frame_00044.png', image_name='frame_00044', width=1263, height=710), CameraInfo(uid=1, R=array([[-0.72603499,  0.03403469,  0.68681499],\n",
       "       [ 0.3401285 ,  0.88581853,  0.31565507],\n",
       "       [-0.59765023,  0.46278198, -0.65471142]]), T=array([ 0.42420575, -0.48235845,  3.66818294]), FovY=0.6196963117792306, FovX=1.031333969603764, image=<PIL.PngImagePlugin.PngImageFile image mode=RGB size=1263x710 at 0x7B21DF874C50>, image_path='./data/custom/work/images/frame_00045.png', image_name='frame_00045', width=1263, height=710), CameraInfo(uid=1, R=array([[-0.69580458,  0.0315962 ,  0.71753583],\n",
       "       [ 0.35031765,  0.88706776,  0.30064652],\n",
       "       [-0.62700361,  0.4605567 , -0.62829451]]), T=array([ 0.40998368, -0.48730908,  3.67795113]), FovY=0.6196963117792306, FovX=1.031333969603764, image=<PIL.PngImagePlugin.PngImageFile image mode=RGB size=1263x710 at 0x7B21DF874F50>, image_path='./data/custom/work/images/frame_00046.png', image_name='frame_00046', width=1263, height=710), CameraInfo(uid=1, R=array([[-0.66219762,  0.02899509,  0.74876805],\n",
       "       [ 0.36033358,  0.88845432,  0.28426858],\n",
       "       [-0.65700382,  0.45804825, -0.59878024]]), T=array([ 0.42464943, -0.47837157,  3.67402819]), FovY=0.6196963117792306, FovX=1.031333969603764, image=<PIL.PngImagePlugin.PngImageFile image mode=RGB size=1263x710 at 0x7B21DF874E50>, image_path='./data/custom/work/images/frame_00047.png', image_name='frame_00047', width=1263, height=710), CameraInfo(uid=1, R=array([[-0.62801843,  0.02678716,  0.77773729],\n",
       "       [ 0.36915208,  0.89005992,  0.26743237],\n",
       "       [-0.68506904,  0.4550558 , -0.56886257]]), T=array([ 0.45268782, -0.47870474,  3.65140411]), FovY=0.6196963117792306, FovX=1.031333969603764, image=<PIL.PngImagePlugin.PngImageFile image mode=RGB size=1263x710 at 0x7B21DF874450>, image_path='./data/custom/work/images/frame_00048.png', image_name='frame_00048', width=1263, height=710), CameraInfo(uid=1, R=array([[-0.59251334,  0.0243729 ,  0.80519184],\n",
       "       [ 0.37673611,  0.89188267,  0.2502303 ],\n",
       "       [-0.71203781,  0.45160963, -0.53763454]]), T=array([ 0.48428292, -0.48147364,  3.60315902]), FovY=0.6196963117792306, FovX=1.031333969603764, image=<PIL.PngImagePlugin.PngImageFile image mode=RGB size=1263x710 at 0x7B21DF85A2D0>, image_path='./data/custom/work/images/frame_00049.png', image_name='frame_00049', width=1263, height=710), CameraInfo(uid=1, R=array([[-0.55738922,  0.02177907,  0.82996562],\n",
       "       [ 0.38282619,  0.89378638,  0.23364505],\n",
       "       [-0.7367234 ,  0.44796381, -0.50652449]]), T=array([ 0.51070859, -0.46956154,  3.56526306]), FovY=0.6196963117792306, FovX=1.031333969603764, image=<PIL.PngImagePlugin.PngImageFile image mode=RGB size=1263x710 at 0x7B21DF85A110>, image_path='./data/custom/work/images/frame_00050.png', image_name='frame_00050', width=1263, height=710), CameraInfo(uid=1, R=array([[-0.52068643,  0.01965819,  0.85352165],\n",
       "       [ 0.38833738,  0.89577934,  0.21627173],\n",
       "       [-0.76031554,  0.44406411, -0.47405415]]), T=array([ 0.54130408, -0.46069611,  3.52371558]), FovY=0.6196963117792306, FovX=1.031333969603764, image=<PIL.PngImagePlugin.PngImageFile image mode=RGB size=1263x710 at 0x7B21DF85A1D0>, image_path='./data/custom/work/images/frame_00051.png', image_name='frame_00051', width=1263, height=710), CameraInfo(uid=1, R=array([[-0.4844965 ,  0.01747209,  0.8746187 ],\n",
       "       [ 0.39241457,  0.8979053 ,  0.19944143],\n",
       "       [-0.78184011,  0.43984179, -0.44188827]]), T=array([ 0.54878837, -0.45989419,  3.48270962]), FovY=0.6196963117792306, FovX=1.031333969603764, image=<PIL.PngImagePlugin.PngImageFile image mode=RGB size=1263x710 at 0x7B21DF85A490>, image_path='./data/custom/work/images/frame_00052.png', image_name='frame_00052', width=1263, height=710), CameraInfo(uid=1, R=array([[-0.4499613 ,  0.01578291,  0.89290858],\n",
       "       [ 0.39507975,  0.90019839,  0.18317984],\n",
       "       [-0.80090375,  0.43519394, -0.41128995]]), T=array([ 0.51712608, -0.44567733,  3.46189735]), FovY=0.6196963117792306, FovX=1.031333969603764, image=<PIL.PngImagePlugin.PngImageFile image mode=RGB size=1263x710 at 0x7B21DF85A890>, image_path='./data/custom/work/images/frame_00053.png', image_name='frame_00053', width=1263, height=710), CameraInfo(uid=1, R=array([[-0.41748102,  0.01405654,  0.90857692],\n",
       "       [ 0.39646628,  0.9025077 ,  0.16820921],\n",
       "       [-0.81763323,  0.43044426, -0.38235278]]), T=array([ 0.47648906, -0.42809243,  3.46069982]), FovY=0.6196963117792306, FovX=1.031333969603764, image=<PIL.PngImagePlugin.PngImageFile image mode=RGB size=1263x710 at 0x7B21DF85A590>, image_path='./data/custom/work/images/frame_00054.png', image_name='frame_00054', width=1263, height=710), CameraInfo(uid=1, R=array([[-0.38548178,  0.01254451,  0.92263017],\n",
       "       [ 0.39700125,  0.90487966,  0.15356692],\n",
       "       [-0.83294286,  0.42548258, -0.35379481]]), T=array([ 0.46018003, -0.41835759,  3.44574287]), FovY=0.6196963117792306, FovX=1.031333969603764, image=<PIL.PngImagePlugin.PngImageFile image mode=RGB size=1263x710 at 0x7B21DF85A690>, image_path='./data/custom/work/images/frame_00055.png', image_name='frame_00055', width=1263, height=710), CameraInfo(uid=1, R=array([[-0.35454148,  0.01068779,  0.9349792 ],\n",
       "       [ 0.3965704 ,  0.90726504,  0.14000739],\n",
       "       [-0.84677757,  0.4204235 , -0.32590155]]), T=array([ 0.45052007, -0.41643391,  3.41057937]), FovY=0.6196963117792306, FovX=1.031333969603764, image=<PIL.PngImagePlugin.PngImageFile image mode=RGB size=1263x710 at 0x7B21DF85A790>, image_path='./data/custom/work/images/frame_00056.png', image_name='frame_00056', width=1263, height=710), CameraInfo(uid=1, R=array([[-0.3251848 ,  0.00825767,  0.94561443],\n",
       "       [ 0.39539216,  0.90954602,  0.12802765],\n",
       "       [-0.85902264,  0.41552118, -0.29903556]]), T=array([ 0.43883821, -0.41733214,  3.37975712]), FovY=0.6196963117792306, FovX=1.031333969603764, image=<PIL.PngImagePlugin.PngImageFile image mode=RGB size=1263x710 at 0x7B21DF85A990>, image_path='./data/custom/work/images/frame_00057.png', image_name='frame_00057', width=1263, height=710), CameraInfo(uid=1, R=array([[-0.29592863,  0.00590206,  0.95519182],\n",
       "       [ 0.39349565,  0.91194378,  0.11627432],\n",
       "       [-0.87039498,  0.41027272, -0.27219271]]), T=array([ 0.42900774, -0.4188743 ,  3.37162092]), FovY=0.6196963117792306, FovX=1.031333969603764, image=<PIL.PngImagePlugin.PngImageFile image mode=RGB size=1263x710 at 0x7B21DF85ABD0>, image_path='./data/custom/work/images/frame_00058.png', image_name='frame_00058', width=1263, height=710), CameraInfo(uid=1, R=array([[-0.26541619,  0.00284185,  0.96412975],\n",
       "       [ 0.39113469,  0.91432636,  0.10498079],\n",
       "       [-0.8812309 ,  0.40496819, -0.24378856]]), T=array([ 0.40869244, -0.42589519,  3.36379309]), FovY=0.6196963117792306, FovX=1.031333969603764, image=<PIL.PngImagePlugin.PngImageFile image mode=RGB size=1263x710 at 0x7B21DF51AF90>, image_path='./data/custom/work/images/frame_00059.png', image_name='frame_00059', width=1263, height=710), CameraInfo(uid=1, R=array([[-2.38193671e-01, -3.73252357e-04,  9.71217605e-01],\n",
       "       [ 3.88133322e-01,  9.16637366e-01,  9.55429943e-02],\n",
       "       [-8.90290008e-01,  3.99719652e-01, -2.18192348e-01]]), T=array([ 0.35530721, -0.44107864,  3.37648917]), FovY=0.6196963117792306, FovX=1.031333969603764, image=<PIL.PngImagePlugin.PngImageFile image mode=RGB size=1263x710 at 0x7B21DF85AAD0>, image_path='./data/custom/work/images/frame_00060.png', image_name='frame_00060', width=1263, height=710), CameraInfo(uid=1, R=array([[-0.21411068, -0.00362127,  0.97680269],\n",
       "       [ 0.38489529,  0.91877714,  0.08777344],\n",
       "       [-0.89778184,  0.39475999, -0.19532619]]), T=array([ 0.29052648, -0.44033252,  3.39825726]), FovY=0.6196963117792306, FovX=1.031333969603764, image=<PIL.PngImagePlugin.PngImageFile image mode=RGB size=1263x710 at 0x7B21DF51A9D0>, image_path='./data/custom/work/images/frame_00061.png', image_name='frame_00061', width=1263, height=710), CameraInfo(uid=1, R=array([[-0.19003825, -0.00685339,  0.98175277],\n",
       "       [ 0.38119054,  0.92100981,  0.08021655],\n",
       "       [-0.90475369,  0.38947908, -0.17241465]]), T=array([ 0.25225834, -0.44016687,  3.39719691]), FovY=0.6196963117792306, FovX=1.031333969603764, image=<PIL.PngImagePlugin.PngImageFile image mode=RGB size=1263x710 at 0x7B21DF51AD90>, image_path='./data/custom/work/images/frame_00062.png', image_name='frame_00062', width=1263, height=710), CameraInfo(uid=1, R=array([[-0.16594094, -0.01012906,  0.98608367],\n",
       "       [ 0.37678866,  0.92342676,  0.07289251],\n",
       "       [-0.91131439,  0.383641  , -0.14941779]]), T=array([ 0.21839167, -0.45067506,  3.37031332]), FovY=0.6196963117792306, FovX=1.031333969603764, image=<PIL.PngImagePlugin.PngImageFile image mode=RGB size=1263x710 at 0x7B21DF51AC90>, image_path='./data/custom/work/images/frame_00063.png', image_name='frame_00063', width=1263, height=710), CameraInfo(uid=1, R=array([[-0.14126427, -0.01340669,  0.98988114],\n",
       "       [ 0.37178201,  0.92599949,  0.06559788],\n",
       "       [-0.91750888,  0.37728664, -0.12582628]]), T=array([ 0.1847518 , -0.45887914,  3.33154605]), FovY=0.6196963117792306, FovX=1.031333969603764, image=<PIL.PngImagePlugin.PngImageFile image mode=RGB size=1263x710 at 0x7B21DF51AB90>, image_path='./data/custom/work/images/frame_00064.png', image_name='frame_00064', width=1263, height=710), CameraInfo(uid=1, R=array([[-0.11544974, -0.01651112,  0.99317609],\n",
       "       [ 0.36648413,  0.92861233,  0.05803898],\n",
       "       [-0.92323385,  0.37068386, -0.10115699]]), T=array([ 0.1558188 , -0.45043969,  3.29373075]), FovY=0.6196963117792306, FovX=1.031333969603764, image=<PIL.PngImagePlugin.PngImageFile image mode=RGB size=1263x710 at 0x7B21DF51AA90>, image_path='./data/custom/work/images/frame_00065.png', image_name='frame_00065', width=1263, height=710), CameraInfo(uid=1, R=array([[-0.08837545, -0.01947376,  0.99589686],\n",
       "       [ 0.36043415,  0.93143297,  0.050198  ],\n",
       "       [-0.92858872,  0.36339151, -0.0752968 ]]), T=array([ 0.13825325, -0.44889718,  3.27367099]), FovY=0.6196963117792306, FovX=1.031333969603764, image=<PIL.PngImagePlugin.PngImageFile image mode=RGB size=1263x710 at 0x7B21DF51A790>, image_path='./data/custom/work/images/frame_00066.png', image_name='frame_00066', width=1263, height=710), CameraInfo(uid=1, R=array([[-0.06026765, -0.02195359,  0.9979408 ],\n",
       "       [ 0.35397901,  0.93431292,  0.04193136],\n",
       "       [-0.93330953,  0.3557772 , -0.04853774]]), T=array([ 0.11593676, -0.45589722,  3.27561633]), FovY=0.6196963117792306, FovX=1.031333969603764, image=<PIL.PngImagePlugin.PngImageFile image mode=RGB size=1263x710 at 0x7B21DF51A990>, image_path='./data/custom/work/images/frame_00067.png', image_name='frame_00067', width=1263, height=710), CameraInfo(uid=1, R=array([[-0.02997171, -0.02388503,  0.99926533],\n",
       "       [ 0.34755066,  0.93708654,  0.03282314],\n",
       "       [-0.93718207,  0.34827909, -0.01978483]]), T=array([ 0.07899644, -0.47039401,  3.29026576]), FovY=0.6196963117792306, FovX=1.031333969603764, image=<PIL.PngImagePlugin.PngImageFile image mode=RGB size=1263x710 at 0x7B21DF51A890>, image_path='./data/custom/work/images/frame_00068.png', image_name='frame_00068', width=1263, height=710), CameraInfo(uid=1, R=array([[ 0.00192309, -0.02533586,  0.99967715],\n",
       "       [ 0.34113468,  0.93972907,  0.02316029],\n",
       "       [-0.94001246,  0.34098001,  0.01045013]]), T=array([ 0.05164743, -0.46558832,  3.3134554 ]), FovY=0.6196963117792306, FovX=1.031333969603764, image=<PIL.PngImagePlugin.PngImageFile image mode=RGB size=1263x710 at 0x7B21DF51A690>, image_path='./data/custom/work/images/frame_00069.png', image_name='frame_00069', width=1263, height=710), CameraInfo(uid=1, R=array([[ 0.03588172, -0.02593212,  0.99901953],\n",
       "       [ 0.33473666,  0.94222966,  0.01243528],\n",
       "       [-0.94162831,  0.33396226,  0.04248926]]), T=array([ 0.05293045, -0.46681275,  3.3170027 ]), FovY=0.6196963117792306, FovX=1.031333969603764, image=<PIL.PngImagePlugin.PngImageFile image mode=RGB size=1263x710 at 0x7B21DF51A590>, image_path='./data/custom/work/images/frame_00070.png', image_name='frame_00070', width=1263, height=710), CameraInfo(uid=1, R=array([[ 7.17162589e-02, -2.57295955e-02,  9.97093158e-01],\n",
       "       [ 3.28745409e-01,  9.44418302e-01,  7.25218118e-04],\n",
       "       [-9.41691687e-01,  3.27737789e-01,  7.61886339e-02]]), T=array([ 0.0673419 , -0.47217597,  3.29744164]), FovY=0.6196963117792306, FovX=1.031333969603764, image=<PIL.PngImagePlugin.PngImageFile image mode=RGB size=1263x710 at 0x7B21DF51A490>, image_path='./data/custom/work/images/frame_00071.png', image_name='frame_00071', width=1263, height=710), CameraInfo(uid=1, R=array([[ 0.10978451, -0.02459742,  0.99365101],\n",
       "       [ 0.32388163,  0.94601679, -0.01236612],\n",
       "       [-0.93970637,  0.32318291,  0.11182464]]), T=array([ 0.08937766, -0.46533504,  3.26262126]), FovY=0.6196963117792306, FovX=1.031333969603764, image=<PIL.PngImagePlugin.PngImageFile image mode=RGB size=1263x710 at 0x7B21DF51A3D0>, image_path='./data/custom/work/images/frame_00072.png', image_name='frame_00072', width=1263, height=710), CameraInfo(uid=1, R=array([[ 0.14739022, -0.02169873,  0.98884038],\n",
       "       [ 0.31993001,  0.94705909, -0.02690482],\n",
       "       [-0.93590646,  0.32032522,  0.14652932]]), T=array([ 0.10153069, -0.45242337,  3.2518663 ]), FovY=0.6196963117792306, FovX=1.031333969603764, image=<PIL.PngImagePlugin.PngImageFile image mode=RGB size=1263x710 at 0x7B21DF51A1D0>, image_path='./data/custom/work/images/frame_00073.png', image_name='frame_00073', width=1263, height=710), CameraInfo(uid=1, R=array([[ 0.18577445, -0.0174263 ,  0.98243787],\n",
       "       [ 0.31621093,  0.94771465, -0.04298363],\n",
       "       [-0.93032172,  0.31864285,  0.18157156]]), T=array([ 0.12034819, -0.4436979 ,  3.2457414 ]), FovY=0.6196963117792306, FovX=1.031333969603764, image=<PIL.PngImagePlugin.PngImageFile image mode=RGB size=1263x710 at 0x7B21DF52F990>, image_path='./data/custom/work/images/frame_00074.png', image_name='frame_00074', width=1263, height=710), CameraInfo(uid=1, R=array([[ 0.22614778, -0.01205827,  0.97401837],\n",
       "       [ 0.31318796,  0.94773116, -0.06098321],\n",
       "       [-0.9223722 ,  0.31884205,  0.21810381]]), T=array([ 0.1319267 , -0.43742546,  3.24527649]), FovY=0.6196963117792306, FovX=1.031333969603764, image=<PIL.PngImagePlugin.PngImageFile image mode=RGB size=1263x710 at 0x7B21DF51A110>, image_path='./data/custom/work/images/frame_00075.png', image_name='frame_00075', width=1263, height=710), CameraInfo(uid=1, R=array([[ 0.26651801, -0.00549477,  0.96381428],\n",
       "       [ 0.31012703,  0.94729297, -0.08035706],\n",
